725019277 1494279158 1590193181 1306506075 975919928 114105329 608548871 1613473325 852241082 493780403 
1897147066 110970182 392523442 1042930895 1130581200 752757904 1482485467 800543187 1889188981 538271637 
2141571235 2074032983 662063117 571523619 229192843 1799599976 1658551255 1741761679 500397342 1825027439 
1908894991 1225416619 1171822950 1351604524 384439046 259230 1465709853 992987917 1613732555 170467287 
1486768320 1363395973 281437470 1879291762 258843221 1412018670 484566019 1741328688 65078210 226271352 
132116678 59165797 152820687 794179795 630689417 382013531 446296123 141757024 2123775210 946693465 
1966784463 1885186554 24626437 991123765 1089307430 409065483 991382995 407533636 1402053401 457631903 
578000923 741338073 1821027876 859438393 473146188 2079871097 123973416 957712207 1673716138 189051626 
1183983559 1805832816 248217423 1336804247 452528963 878906840 1718817778 898825087 1020663864 1695109340 
1845518552 839964680 1432812246 1870144989 1831088445 374636029 131726825 674987793 782169665 1533780226 
