seg id is 812449807
1 3 2 5 4 10 9 8 7 6 5 3 1 4 2 6 8 10 9 7 -1 -3 -2 -4 -5
seg id is 812449807
1 3 2 5 4 10 9 8 7 6 5 3 1 4 2 6 8 10 9 7 -1 -3 -2 -4 -5
seg id is 812449807
1 3 2 5 4 10 9 8 7 6 5 3 1 4 2 6 8 10 9 7 -1 -3 -2 -4 -5
seg id is 812449807
1 3 2 5 4 10 9 8 7 6 5 3 1 4 2 6 8 10 9 7 -1 -3 -2 -4 -5
seg id is 812449807
1 3 2 5 4 10 9 8 7 6 5 3 1 4 2 6 8 10 9 7 -1 -3 -2 -4 -5
seg id is 812449807
1 3 2 5 4 10 9 8 7 6 5 3 1 4 2 6 8 10 9 7 -1 -3 -2 -4 -5
seg id is 812449807
1 3 2 5 4 10 9 8 7 6 5 3 1 4 2 6 8 10 9 7 -1 -3 -2 -4 -5
seg id is 812449807
1 3 2 5 4 10 9 8 7 6 5 3 1 4 2 6 8 10 9 7 -1 -3 -2 -4 -5
seg id is 812449807
1 3 2 5 4 10 9 8 7 6 5 3 1 4 2 6 8 10 9 -1 7 -3 -2 -4 -5
seg id is 812449807
1 3 2 5 4 10 9 8 7 6 5 3 1 4 2 6 8 10 9 -1 7 -3 -2 -4 -5
seg id is 812449807
1 3 2 5 4 10 9 8 7 6 5 3 1 4 2 6 8 10 9 -3 -1 7 -2 -4 -5
seg id is 812449807
1 3 2 5 4 10 9 8 7 6 5 3 1 4 2 6 8 10 9 -3 -1 7 -2 -4 -5
seg id is 812449807
1 3 2 5 4 10 9 8 7 6 5 3 1 4 2 6 8 10 9 -3 -1 7 -2 -4 -5
seg id is 812449807
1 3 2 5 4 10 9 8 7 6 5 3 1 4 2 6 8 9 10 -3 -1 7 -2 -4 -5
seg id is 812449807
1 3 2 5 4 10 9 8 7 6 5 3 1 4 2 6 8 9 10 -3 -1 7 -2 -4 -5
seg id is 812449807
1 3 2 5 4 10 9 8 7 6 5 3 1 4 2 6 8 9 10 -3 -1 7 -2 -4 -5
seg id is 812449807
1 3 2 5 4 10 9 8 7 6 5 3 1 4 2 6 8 9 10 -3 -1 7 -2 -4 -5
seg id is 812449807
1 3 2 5 4 10 9 8 7 6 5 3 1 4 2 6 8 9 10 -3 -1 7 -2 -4 -5
seg id is 812449807
1 3 2 5 4 10 9 8 7 6 5 3 1 4 2 6 8 9 10 -3 -1 7 -4 -2 -5
seg id is 812449807
1 3 2 5 4 10 9 8 7 6 5 3 1 4 2 6 8 9 10 -3 -1 7 -4 -2 -5
seg id is 812449807
1 3 2 5 4 9 10 8 7 6 5 3 1 4 2 6 8 9 10 -3 -1 7 -4 -2 -5
seg id is 812449807
1 3 2 5 4 9 10 8 7 6 5 3 1 4 2 6 8 9 10 -3 -1 7 -5 -4 -2
seg id is 812449807
1 3 2 5 4 9 10 8 7 6 5 3 1 4 2 6 8 9 10 -5 -4 -3 -2 -1 7
seg id is 812449807
1 3 2 5 4 9 10 8 7 6 5 3 1 4 2 6 8 9 10 -5 -4 -3 -2 -1 7
seg id is 812449807
1 3 2 5 4 9 10 8 7 6 5 3 1 4 2 6 8 9 10 -5 -4 -3 -2 -1 7
seg id is 812449807
1 3 2 5 4 9 10 8 7 6 5 3 1 4 2 6 8 9 10 -5 -4 -3 -2 -1 7
seg id is 812449807
1 3 2 5 4 9 10 8 7 6 5 3 1 4 2 6 8 9 10 -5 -4 -3 -2 -1 7
seg id is 812449807
1 3 2 5 4 9 10 8 7 6 5 3 1 4 2 6 8 9 10 -5 -4 -3 -2 -1 7
seg id is 812449807
1 3 2 5 4 9 10 7 8 6 3 5 1 2 4 6 8 9 10 -5 -4 -3 -2 -1 7
seg id is 812449807
1 2 3 5 4 9 10 7 8 6 3 5 1 2 4 6 8 9 10 -5 -4 -3 -2 -1 7
seg id is 812449807
1 2 3 5 4 9 10 7 8 6 3 5 1 2 4 6 8 9 10 -5 -4 -3 -2 -1 7
seg id is 812449807
1 2 3 5 4 9 10 7 8 6 3 5 1 2 4 6 8 9 10 -5 -4 -3 -2 -1 7
seg id is 812449807
1 2 3 4 5 9 10 6 7 8 1 3 5 2 4 6 8 9 10 -5 -4 -3 -2 -1 7
seg id is 812449807
1 2 3 4 5 9 10 6 7 8 1 3 5 2 4 6 8 9 10 -5 -4 -3 -2 -1 7
seg id is 812449807
1 2 3 4 5 9 10 6 7 8 1 3 5 2 4 6 8 9 10 -5 -4 -3 -2 -1 7
seg id is 812449807
1 2 3 4 5 9 10 1 3 5 6 7 8 2 4 6 8 9 10 -5 -4 -3 -2 -1 7
seg id is 812449807
1 2 3 4 5 9 10 1 3 5 6 7 8 -5 -4 -3 -2 -1 2 4 6 7 8 9 10
seg id is 812449807
1 1 2 3 3 4 5 5 6 7 8 9 10 -5 -4 -3 -2 -1 2 4 6 7 8 9 10
seg id is 812449807
-5 -4 -3 -2 -1 1 1 2 2 3 3 4 4 5 5 6 6 7 7 8 8 9 9 10 10
